0 0.9 10 13 0.981605 0.984222 0.978568 
0 0.9 13 17 0.974952 0.966791 0.984424 
0 0.9 17 20 0.976751 0.974745 0.979079 
0 0.9 20 25 0.979376 0.977887 0.981104 
0 0.9 25 30 0.97953 0.977247 0.98218 
0 0.9 30 40 0.982176 0.981458 0.98301 
0 0.9 40 50 0.983135 0.982528 0.983839 
0 0.9 50 60 0.982595 0.98113 0.984295 
0 0.9 60 120 0.983831 0.982619 0.985238 
0.9 1.2 10 13 0.956555 0.944598 0.970433 
0.9 1.2 13 17 0.988081 0.990187 0.985636 
0.9 1.2 17 20 0.973418 0.981047 0.964562 
0.9 1.2 20 25 0.977329 0.974006 0.981187 
0.9 1.2 25 30 0.979486 0.977632 0.981637 
0.9 1.2 30 40 0.978426 0.977147 0.979911 
0.9 1.2 40 50 0.977128 0.975927 0.978522 
0.9 1.2 50 60 0.976198 0.974601 0.978051 
0.9 1.2 60 120 0.976893 0.975709 0.978268 
1.2 2.1 10 13 1.01212 1.00241 1.02338 
1.2 2.1 13 17 1.00246 0.998652 1.00687 
1.2 2.1 17 20 1.00342 0.998978 1.00857 
1.2 2.1 20 25 0.995091 0.992922 0.997608 
1.2 2.1 25 30 0.993587 0.992026 0.995398 
1.2 2.1 30 40 0.99174 0.991158 0.992415 
1.2 2.1 40 50 0.990332 0.990519 0.990115 
1.2 2.1 50 60 0.988427 0.988603 0.988223 
1.2 2.1 60 120 0.988924 0.98877 0.989103 
2.1 2.4 10 13 1.03188 1.03966 1.02286 
2.1 2.4 13 17 1.00584 0.992338 1.02152 
2.1 2.4 17 20 0.985546 0.991473 0.978666 
2.1 2.4 20 25 0.981836 0.981104 0.982686 
2.1 2.4 25 30 0.976367 0.974344 0.978716 
2.1 2.4 30 40 0.976693 0.978259 0.974875 
2.1 2.4 40 50 0.974442 0.976715 0.971804 
2.1 2.4 50 60 0.971029 0.973306 0.968386 
2.1 2.4 60 120 0.969376 0.972042 0.966281 
