-2.4 -2.1 10 13 1.04226 1.03498 1.0507 
-2.4 -2.1 13 17 1.00536 0.995959 1.01627 
-2.4 -2.1 17 20 0.970213 0.977951 0.961231 
-2.4 -2.1 20 25 0.976953 0.980642 0.972672 
-2.4 -2.1 25 30 0.97212 0.970633 0.973847 
-2.4 -2.1 30 40 0.974394 0.976493 0.971957 
-2.4 -2.1 40 50 0.971594 0.974809 0.967862 
-2.4 -2.1 50 60 0.969938 0.972352 0.967135 
-2.4 -2.1 60 120 0.964737 0.967802 0.961179 
-2.1 -1.2 10 13 1.01638 1.00451 1.03016 
-2.1 -1.2 13 17 1.00612 0.998355 1.01513 
-2.1 -1.2 17 20 1.00554 1.00049 1.0114 
-2.1 -1.2 20 25 0.99605 0.993665 0.998819 
-2.1 -1.2 25 30 0.99489 0.993511 0.996491 
-2.1 -1.2 30 40 0.991573 0.991441 0.991726 
-2.1 -1.2 40 50 0.990047 0.990466 0.98956 
-2.1 -1.2 50 60 0.987899 0.988228 0.987518 
-2.1 -1.2 60 120 0.988708 0.988968 0.988407 
-1.2 -0.9 10 13 0.95822 0.946975 0.971273 
-1.2 -0.9 13 17 0.988363 0.994231 0.981552 
-1.2 -0.9 17 20 0.972499 0.982466 0.96093 
-1.2 -0.9 20 25 0.975605 0.970628 0.981382 
-1.2 -0.9 25 30 0.979611 0.974899 0.98508 
-1.2 -0.9 30 40 0.97985 0.977553 0.982516 
-1.2 -0.9 40 50 0.977634 0.976213 0.979284 
-1.2 -0.9 50 60 0.97756 0.974919 0.980625 
-1.2 -0.9 60 120 0.979618 0.97731 0.982296 
-0.9 0 10 13 0.973728 0.9815 0.964708 
-0.9 0 13 17 0.974161 0.958397 0.992459 
-0.9 0 17 20 0.973316 0.966459 0.981274 
-0.9 0 20 25 0.976236 0.974934 0.977748 
-0.9 0 25 30 0.977669 0.975534 0.980147 
-0.9 0 30 40 0.981355 0.980603 0.982227 
-0.9 0 40 50 0.983008 0.9822 0.983945 
-0.9 0 50 60 0.982613 0.98144 0.983974 
-0.9 0 60 120 0.983808 0.982512 0.985312 
0 0.9 10 13 0.988796 0.985578 0.992532 
0 0.9 13 17 0.975389 0.975132 0.975687 
0 0.9 17 20 0.97964 0.982592 0.976214 
0 0.9 20 25 0.98246 0.980762 0.984431 
0 0.9 25 30 0.981363 0.978956 0.984156 
0 0.9 30 40 0.983092 0.982042 0.98431 
0 0.9 40 50 0.983278 0.982881 0.983739 
0 0.9 50 60 0.982656 0.98084 0.984764 
0 0.9 60 120 0.983948 0.982807 0.985273 
0.9 1.2 10 13 0.953925 0.941371 0.968496 
0.9 1.2 13 17 0.987484 0.985098 0.990254 
0.9 1.2 17 20 0.974473 0.980143 0.967891 
0.9 1.2 20 25 0.979258 0.977473 0.981329 
0.9 1.2 25 30 0.980079 0.980291 0.979832 
0.9 1.2 30 40 0.97707 0.976398 0.977851 
0.9 1.2 40 50 0.975515 0.974265 0.976967 
0.9 1.2 50 60 0.975276 0.974959 0.975645 
0.9 1.2 60 120 0.974833 0.974986 0.974656 
1.2 2.1 10 13 1.0059 0.998274 1.01476 
1.2 2.1 13 17 0.997761 0.997747 0.997778 
1.2 2.1 17 20 1.00109 0.997215 1.00558 
1.2 2.1 20 25 0.99407 0.992042 0.996423 
1.2 2.1 25 30 0.992596 0.991101 0.994331 
1.2 2.1 30 40 0.991895 0.9911 0.992817 
1.2 2.1 40 50 0.990632 0.990577 0.990695 
1.2 2.1 50 60 0.989045 0.989053 0.989036 
1.2 2.1 60 120 0.989231 0.988656 0.989899 
2.1 2.4 10 13 1.01849 1.04036 0.993112 
2.1 2.4 13 17 1.00638 0.989303 1.02621 
2.1 2.4 17 20 0.998919 1.00226 0.995042 
2.1 2.4 20 25 0.986958 0.982279 0.992389 
2.1 2.4 25 30 0.986074 0.987982 0.983859 
2.1 2.4 30 40 0.979228 0.980501 0.977751 
2.1 2.4 40 50 0.977357 0.978691 0.975809 
2.1 2.4 50 60 0.972983 0.974553 0.971161 
2.1 2.4 60 120 0.974298 0.976454 0.971796 
