0 0.9 20 26 -2.4 2.4 0 20 0.925108 0.925108 0.925108 
0 0.9 20 26 0 0.9 20 26 0.943606 0.943606 0.943606 
0 0.9 20 26 0 0.9 26 30 0.971182 0.971182 0.971182 
0 0.9 20 26 0 0.9 30 40 0.976369 0.976369 0.976369 
0 0.9 20 26 0 0.9 40 50 0.978192 0.978192 0.978192 
0 0.9 20 26 0 0.9 50 60 0.979153 0.979153 0.979153 
0 0.9 20 26 0 0.9 60 120 0.978626 0.978626 0.978626 
0 0.9 20 26 0 0.9 120 200 0.977586 0.977586 0.977586 
0 0.9 20 26 0.9 1.2 20 26 0.935698 0.935698 0.935698 
0 0.9 20 26 0.9 1.2 26 30 0.96585 0.96585 0.96585 
0 0.9 20 26 0.9 1.2 30 40 0.9734 0.9734 0.9734 
0 0.9 20 26 0.9 1.2 40 50 0.975235 0.975235 0.975235 
0 0.9 20 26 0.9 1.2 50 60 0.975365 0.975365 0.975365 
0 0.9 20 26 0.9 1.2 60 120 0.97417 0.97417 0.97417 
0 0.9 20 26 0.9 1.2 120 200 0.970286 0.970286 0.970286 
0 0.9 20 26 1.2 2.1 20 26 0.955676 0.955676 0.955676 
0 0.9 20 26 1.2 2.1 26 30 0.988716 0.988716 0.988716 
0 0.9 20 26 1.2 2.1 30 40 0.994451 0.994451 0.994451 
0 0.9 20 26 1.2 2.1 40 50 0.996103 0.996103 0.996103 
0 0.9 20 26 1.2 2.1 50 60 0.995 0.995 0.995 
0 0.9 20 26 1.2 2.1 60 120 0.992343 0.992343 0.992343 
0 0.9 20 26 1.2 2.1 120 200 0.987813 0.987813 0.987813 
0 0.9 20 26 2.1 2.4 20 26 0.934522 0.934522 0.934522 
0 0.9 20 26 2.1 2.4 26 30 0.952185 0.952185 0.952185 
0 0.9 20 26 2.1 2.4 30 40 0.971469 0.971469 0.971469 
0 0.9 20 26 2.1 2.4 40 50 0.977268 0.977268 0.977268 
0 0.9 20 26 2.1 2.4 50 60 0.975931 0.975931 0.975931 
0 0.9 20 26 2.1 2.4 60 120 0.977848 0.977848 0.977848 
0 0.9 20 26 2.1 2.4 120 200 0.968573 0.968573 0.968573 
0 0.9 26 30 -2.4 2.4 0 20 0.95503 0.95503 0.95503 
0 0.9 26 30 0 0.9 20 26 0.971182 0.971182 0.971182 
0 0.9 26 30 0 0.9 26 30 0.99263 0.99263 0.99263 
0 0.9 26 30 0 0.9 30 40 0.994086 0.994086 0.994086 
0 0.9 26 30 0 0.9 40 50 0.994716 0.994716 0.994716 
0 0.9 26 30 0 0.9 50 60 0.994942 0.994942 0.994942 
0 0.9 26 30 0 0.9 60 120 0.994855 0.994855 0.994855 
0 0.9 26 30 0 0.9 120 200 0.994496 0.994496 0.994496 
0 0.9 26 30 0.9 1.2 20 26 0.969386 0.969386 0.969386 
0 0.9 26 30 0.9 1.2 26 30 0.991454 0.991454 0.991454 
0 0.9 26 30 0.9 1.2 30 40 0.993729 0.993729 0.993729 
0 0.9 26 30 0.9 1.2 40 50 0.994486 0.994486 0.994486 
0 0.9 26 30 0.9 1.2 50 60 0.994635 0.994635 0.994635 
0 0.9 26 30 0.9 1.2 60 120 0.994446 0.994446 0.994446 
0 0.9 26 30 0.9 1.2 120 200 0.993713 0.993713 0.993713 
0 0.9 26 30 1.2 2.1 20 26 0.970463 0.970463 0.970463 
0 0.9 26 30 1.2 2.1 26 30 0.992063 0.992063 0.992063 
0 0.9 26 30 1.2 2.1 30 40 0.994163 0.994163 0.994163 
0 0.9 26 30 1.2 2.1 40 50 0.995083 0.995083 0.995083 
0 0.9 26 30 1.2 2.1 50 60 0.995122 0.995122 0.995122 
0 0.9 26 30 1.2 2.1 60 120 0.994829 0.994829 0.994829 
0 0.9 26 30 1.2 2.1 120 200 0.994403 0.994403 0.994403 
0 0.9 26 30 2.1 2.4 20 26 0.967322 0.967322 0.967322 
0 0.9 26 30 2.1 2.4 26 30 0.984256 0.984256 0.984256 
0 0.9 26 30 2.1 2.4 30 40 0.988546 0.988546 0.988546 
0 0.9 26 30 2.1 2.4 40 50 0.990227 0.990227 0.990227 
0 0.9 26 30 2.1 2.4 50 60 0.990274 0.990274 0.990274 
0 0.9 26 30 2.1 2.4 60 120 0.990734 0.990734 0.990734 
0 0.9 26 30 2.1 2.4 120 200 0.98989 0.98989 0.98989 
0 0.9 30 40 -2.4 2.4 0 20 0.963129 0.963129 0.963129 
0 0.9 30 40 0 0.9 20 26 0.976369 0.976369 0.976369 
0 0.9 30 40 0 0.9 26 30 0.994086 0.994086 0.994086 
0 0.9 30 40 0 0.9 30 40 0.99526 0.99526 0.99526 
0 0.9 30 40 0 0.9 40 50 0.995773 0.995773 0.995773 
0 0.9 30 40 0 0.9 50 60 0.995953 0.995953 0.995953 
0 0.9 30 40 0 0.9 60 120 0.995885 0.995885 0.995885 
0 0.9 30 40 0 0.9 120 200 0.995593 0.995593 0.995593 
0 0.9 30 40 0.9 1.2 20 26 0.974928 0.974928 0.974928 
0 0.9 30 40 0.9 1.2 26 30 0.993149 0.993149 0.993149 
0 0.9 30 40 0.9 1.2 30 40 0.99499 0.99499 0.99499 
0 0.9 30 40 0.9 1.2 40 50 0.995609 0.995609 0.995609 
0 0.9 30 40 0.9 1.2 50 60 0.995733 0.995733 0.995733 
0 0.9 30 40 0.9 1.2 60 120 0.995586 0.995586 0.995586 
0 0.9 30 40 0.9 1.2 120 200 0.995009 0.995009 0.995009 
0 0.9 30 40 1.2 2.1 20 26 0.975696 0.975696 0.975696 
0 0.9 30 40 1.2 2.1 26 30 0.993441 0.993441 0.993441 
0 0.9 30 40 1.2 2.1 30 40 0.995149 0.995149 0.995149 
0 0.9 30 40 1.2 2.1 40 50 0.995905 0.995905 0.995905 
0 0.9 30 40 1.2 2.1 50 60 0.995948 0.995948 0.995948 
0 0.9 30 40 1.2 2.1 60 120 0.995728 0.995728 0.995728 
0 0.9 30 40 1.2 2.1 120 200 0.995414 0.995414 0.995414 
0 0.9 30 40 2.1 2.4 20 26 0.973222 0.973222 0.973222 
0 0.9 30 40 2.1 2.4 26 30 0.987224 0.987224 0.987224 
0 0.9 30 40 2.1 2.4 30 40 0.990649 0.990649 0.990649 
0 0.9 30 40 2.1 2.4 40 50 0.992006 0.992006 0.992006 
0 0.9 30 40 2.1 2.4 50 60 0.992058 0.992058 0.992058 
0 0.9 30 40 2.1 2.4 60 120 0.992426 0.992426 0.992426 
0 0.9 30 40 2.1 2.4 120 200 0.991805 0.991805 0.991805 
0 0.9 40 50 -2.4 2.4 0 20 0.965819 0.965819 0.965819 
0 0.9 40 50 0 0.9 20 26 0.978192 0.978192 0.978192 
0 0.9 40 50 0 0.9 26 30 0.994716 0.994716 0.994716 
0 0.9 40 50 0 0.9 30 40 0.995773 0.995773 0.995773 
0 0.9 40 50 0 0.9 40 50 0.996239 0.996239 0.996239 
0 0.9 40 50 0 0.9 50 60 0.996399 0.996399 0.996399 
0 0.9 40 50 0 0.9 60 120 0.99634 0.99634 0.99634 
0 0.9 40 50 0 0.9 120 200 0.996075 0.996075 0.996075 
0 0.9 40 50 0.9 1.2 20 26 0.976893 0.976893 0.976893 
0 0.9 40 50 0.9 1.2 26 30 0.993887 0.993887 0.993887 
0 0.9 40 50 0.9 1.2 30 40 0.99555 0.99555 0.99555 
0 0.9 40 50 0.9 1.2 40 50 0.996117 0.996117 0.996117 
0 0.9 40 50 0.9 1.2 50 60 0.996233 0.996233 0.996233 
0 0.9 40 50 0.9 1.2 60 120 0.996107 0.996107 0.996107 
0 0.9 40 50 0.9 1.2 120 200 0.995603 0.995603 0.995603 
0 0.9 40 50 1.2 2.1 20 26 0.977465 0.977465 0.977465 
0 0.9 40 50 1.2 2.1 26 30 0.993919 0.993919 0.993919 
0 0.9 40 50 1.2 2.1 30 40 0.995474 0.995474 0.995474 
0 0.9 40 50 1.2 2.1 40 50 0.996171 0.996171 0.996171 
0 0.9 40 50 1.2 2.1 50 60 0.996223 0.996223 0.996223 
0 0.9 40 50 1.2 2.1 60 120 0.996043 0.996043 0.996043 
0 0.9 40 50 1.2 2.1 120 200 0.995793 0.995793 0.995793 
0 0.9 40 50 2.1 2.4 20 26 0.975287 0.975287 0.975287 
0 0.9 40 50 2.1 2.4 26 30 0.988405 0.988405 0.988405 
0 0.9 40 50 2.1 2.4 30 40 0.991454 0.991454 0.991454 
0 0.9 40 50 2.1 2.4 40 50 0.992679 0.992679 0.992679 
0 0.9 40 50 2.1 2.4 50 60 0.992742 0.992742 0.992742 
0 0.9 40 50 2.1 2.4 60 120 0.993071 0.993071 0.993071 
0 0.9 40 50 2.1 2.4 120 200 0.99258 0.99258 0.99258 
0 0.9 50 60 -2.4 2.4 0 20 0.967353 0.967353 0.967353 
0 0.9 50 60 0 0.9 20 26 0.979153 0.979153 0.979153 
0 0.9 50 60 0 0.9 26 30 0.994942 0.994942 0.994942 
0 0.9 50 60 0 0.9 30 40 0.995953 0.995953 0.995953 
0 0.9 50 60 0 0.9 40 50 0.996399 0.996399 0.996399 
0 0.9 50 60 0 0.9 50 60 0.996552 0.996552 0.996552 
0 0.9 50 60 0 0.9 60 120 0.996496 0.996496 0.996496 
0 0.9 50 60 0 0.9 120 200 0.996242 0.996242 0.996242 
0 0.9 50 60 0.9 1.2 20 26 0.977911 0.977911 0.977911 
0 0.9 50 60 0.9 1.2 26 30 0.994147 0.994147 0.994147 
0 0.9 50 60 0.9 1.2 30 40 0.995739 0.995739 0.995739 
0 0.9 50 60 0.9 1.2 40 50 0.996281 0.996281 0.996281 
0 0.9 50 60 0.9 1.2 50 60 0.996393 0.996393 0.996393 
0 0.9 50 60 0.9 1.2 60 120 0.996272 0.996272 0.996272 
0 0.9 50 60 0.9 1.2 120 200 0.995789 0.995789 0.995789 
0 0.9 50 60 1.2 2.1 20 26 0.978461 0.978461 0.978461 
0 0.9 50 60 1.2 2.1 26 30 0.994182 0.994182 0.994182 
0 0.9 50 60 1.2 2.1 30 40 0.995671 0.995671 0.995671 
0 0.9 50 60 1.2 2.1 40 50 0.996337 0.996337 0.996337 
0 0.9 50 60 1.2 2.1 50 60 0.996387 0.996387 0.996387 
0 0.9 50 60 1.2 2.1 60 120 0.996214 0.996214 0.996214 
0 0.9 50 60 1.2 2.1 120 200 0.995974 0.995974 0.995974 
0 0.9 50 60 2.1 2.4 20 26 0.976379 0.976379 0.976379 
0 0.9 50 60 2.1 2.4 26 30 0.988905 0.988905 0.988905 
0 0.9 50 60 2.1 2.4 30 40 0.991823 0.991823 0.991823 
0 0.9 50 60 2.1 2.4 40 50 0.992995 0.992995 0.992995 
0 0.9 50 60 2.1 2.4 50 60 0.993055 0.993055 0.993055 
0 0.9 50 60 2.1 2.4 60 120 0.99337 0.99337 0.99337 
0 0.9 50 60 2.1 2.4 120 200 0.992899 0.992899 0.992899 
0 0.9 60 120 -2.4 2.4 0 20 0.96647 0.96647 0.96647 
0 0.9 60 120 0 0.9 20 26 0.978626 0.978626 0.978626 
0 0.9 60 120 0 0.9 26 30 0.994855 0.994855 0.994855 
0 0.9 60 120 0 0.9 30 40 0.995885 0.995885 0.995885 
0 0.9 60 120 0 0.9 40 50 0.99634 0.99634 0.99634 
0 0.9 60 120 0 0.9 50 60 0.996496 0.996496 0.996496 
0 0.9 60 120 0 0.9 60 120 0.996439 0.996439 0.996439 
0 0.9 60 120 0 0.9 120 200 0.99618 0.99618 0.99618 
0 0.9 60 120 0.9 1.2 20 26 0.977358 0.977358 0.977358 
0 0.9 60 120 0.9 1.2 26 30 0.994048 0.994048 0.994048 
0 0.9 60 120 0.9 1.2 30 40 0.995671 0.995671 0.995671 
0 0.9 60 120 0.9 1.2 40 50 0.996226 0.996226 0.996226 
0 0.9 60 120 0.9 1.2 50 60 0.996341 0.996341 0.996341 
0 0.9 60 120 0.9 1.2 60 120 0.996219 0.996219 0.996219 
0 0.9 60 120 0.9 1.2 120 200 0.995731 0.995731 0.995731 
0 0.9 60 120 1.2 2.1 20 26 0.977893 0.977893 0.977893 
0 0.9 60 120 1.2 2.1 26 30 0.994034 0.994034 0.994034 
0 0.9 60 120 1.2 2.1 30 40 0.995555 0.995555 0.995555 
0 0.9 60 120 1.2 2.1 40 50 0.996238 0.996238 0.996238 
0 0.9 60 120 1.2 2.1 50 60 0.996291 0.996291 0.996291 
0 0.9 60 120 1.2 2.1 60 120 0.996119 0.996119 0.996119 
0 0.9 60 120 1.2 2.1 120 200 0.995882 0.995882 0.995882 
0 0.9 60 120 2.1 2.4 20 26 0.975778 0.975778 0.975778 
0 0.9 60 120 2.1 2.4 26 30 0.988672 0.988672 0.988672 
0 0.9 60 120 2.1 2.4 30 40 0.991639 0.991639 0.991639 
0 0.9 60 120 2.1 2.4 40 50 0.992835 0.992835 0.992835 
0 0.9 60 120 2.1 2.4 50 60 0.992899 0.992899 0.992899 
0 0.9 60 120 2.1 2.4 60 120 0.99322 0.99322 0.99322 
0 0.9 60 120 2.1 2.4 120 200 0.992755 0.992755 0.992755 
0 0.9 120 200 -2.4 2.4 0 20 0.964939 0.964939 0.964939 
0 0.9 120 200 0 0.9 20 26 0.977586 0.977586 0.977586 
0 0.9 120 200 0 0.9 26 30 0.994496 0.994496 0.994496 
0 0.9 120 200 0 0.9 30 40 0.995593 0.995593 0.995593 
0 0.9 120 200 0 0.9 40 50 0.996075 0.996075 0.996075 
0 0.9 120 200 0 0.9 50 60 0.996242 0.996242 0.996242 
0 0.9 120 200 0 0.9 60 120 0.99618 0.99618 0.99618 
0 0.9 120 200 0 0.9 120 200 0.995905 0.995905 0.995905 
0 0.9 120 200 0.9 1.2 20 26 0.976238 0.976238 0.976238 
0 0.9 120 200 0.9 1.2 26 30 0.993628 0.993628 0.993628 
0 0.9 120 200 0.9 1.2 30 40 0.995353 0.995353 0.995353 
0 0.9 120 200 0.9 1.2 40 50 0.995937 0.995937 0.995937 
0 0.9 120 200 0.9 1.2 50 60 0.996056 0.996056 0.996056 
0 0.9 120 200 0.9 1.2 60 120 0.995923 0.995923 0.995923 
0 0.9 120 200 0.9 1.2 120 200 0.995392 0.995392 0.995392 
0 0.9 120 200 1.2 2.1 20 26 0.976883 0.976883 0.976883 
0 0.9 120 200 1.2 2.1 26 30 0.99376 0.99376 0.99376 
0 0.9 120 200 1.2 2.1 30 40 0.995368 0.995368 0.995368 
0 0.9 120 200 1.2 2.1 40 50 0.996085 0.996085 0.996085 
0 0.9 120 200 1.2 2.1 50 60 0.996133 0.996133 0.996133 
0 0.9 120 200 1.2 2.1 60 120 0.995938 0.995938 0.995938 
0 0.9 120 200 1.2 2.1 120 200 0.995665 0.995665 0.995665 
0 0.9 120 200 2.1 2.4 20 26 0.974601 0.974601 0.974601 
0 0.9 120 200 2.1 2.4 26 30 0.987999 0.987999 0.987999 
0 0.9 120 200 2.1 2.4 30 40 0.99118 0.99118 0.99118 
0 0.9 120 200 2.1 2.4 40 50 0.992451 0.992451 0.992451 
0 0.9 120 200 2.1 2.4 50 60 0.992509 0.992509 0.992509 
0 0.9 120 200 2.1 2.4 60 120 0.992852 0.992852 0.992852 
0 0.9 120 200 2.1 2.4 120 200 0.992313 0.992313 0.992313 
0.9 1.2 20 26 -2.4 2.4 0 20 0.90574 0.90574 0.90574 
0.9 1.2 20 26 0 0.9 20 26 0.935698 0.935698 0.935698 
0.9 1.2 20 26 0 0.9 26 30 0.969386 0.969386 0.969386 
0.9 1.2 20 26 0 0.9 30 40 0.974928 0.974928 0.974928 
0.9 1.2 20 26 0 0.9 40 50 0.976893 0.976893 0.976893 
0.9 1.2 20 26 0 0.9 50 60 0.977911 0.977911 0.977911 
0.9 1.2 20 26 0 0.9 60 120 0.977358 0.977358 0.977358 
0.9 1.2 20 26 0 0.9 120 200 0.976238 0.976238 0.976238 
0.9 1.2 20 26 0.9 1.2 20 26 0.926852 0.926852 0.926852 
0.9 1.2 20 26 0.9 1.2 26 30 0.963732 0.963732 0.963732 
0.9 1.2 20 26 0.9 1.2 30 40 0.97183 0.97183 0.97183 
0.9 1.2 20 26 0.9 1.2 40 50 0.973825 0.973825 0.973825 
0.9 1.2 20 26 0.9 1.2 50 60 0.97398 0.97398 0.97398 
0.9 1.2 20 26 0.9 1.2 60 120 0.972727 0.972727 0.972727 
0.9 1.2 20 26 0.9 1.2 120 200 0.968636 0.968636 0.968636 
0.9 1.2 20 26 1.2 2.1 20 26 0.947812 0.947812 0.947812 
0.9 1.2 20 26 1.2 2.1 26 30 0.987314 0.987314 0.987314 
0.9 1.2 20 26 1.2 2.1 30 40 0.993534 0.993534 0.993534 
0.9 1.2 20 26 1.2 2.1 40 50 0.995366 0.995366 0.995366 
0.9 1.2 20 26 1.2 2.1 50 60 0.994234 0.994234 0.994234 
0.9 1.2 20 26 1.2 2.1 60 120 0.991456 0.991456 0.991456 
0.9 1.2 20 26 1.2 2.1 120 200 0.986733 0.986733 0.986733 
0.9 1.2 20 26 2.1 2.4 20 26 0.924686 0.924686 0.924686 
0.9 1.2 20 26 2.1 2.4 26 30 0.948365 0.948365 0.948365 
0.9 1.2 20 26 2.1 2.4 30 40 0.968986 0.968986 0.968986 
0.9 1.2 20 26 2.1 2.4 40 50 0.975238 0.975238 0.975238 
0.9 1.2 20 26 2.1 2.4 50 60 0.973872 0.973872 0.973872 
0.9 1.2 20 26 2.1 2.4 60 120 0.975919 0.975919 0.975919 
0.9 1.2 20 26 2.1 2.4 120 200 0.966254 0.966254 0.966254 
0.9 1.2 26 30 -2.4 2.4 0 20 0.946281 0.946281 0.946281 
0.9 1.2 26 30 0 0.9 20 26 0.96585 0.96585 0.96585 
0.9 1.2 26 30 0 0.9 26 30 0.991454 0.991454 0.991454 
0.9 1.2 26 30 0 0.9 30 40 0.993149 0.993149 0.993149 
0.9 1.2 26 30 0 0.9 40 50 0.993887 0.993887 0.993887 
0.9 1.2 26 30 0 0.9 50 60 0.994147 0.994147 0.994147 
0.9 1.2 26 30 0 0.9 60 120 0.994048 0.994048 0.994048 
0.9 1.2 26 30 0 0.9 120 200 0.993628 0.993628 0.993628 
0.9 1.2 26 30 0.9 1.2 20 26 0.963732 0.963732 0.963732 
0.9 1.2 26 30 0.9 1.2 26 30 0.990095 0.990095 0.990095 
0.9 1.2 26 30 0.9 1.2 30 40 0.99275 0.99275 0.99275 
0.9 1.2 26 30 0.9 1.2 40 50 0.993638 0.993638 0.993638 
0.9 1.2 26 30 0.9 1.2 50 60 0.993815 0.993815 0.993815 
0.9 1.2 26 30 0.9 1.2 60 120 0.9936 0.9936 0.9936 
0.9 1.2 26 30 0.9 1.2 120 200 0.992759 0.992759 0.992759 
0.9 1.2 26 30 1.2 2.1 20 26 0.964887 0.964887 0.964887 
0.9 1.2 26 30 1.2 2.1 26 30 0.990623 0.990623 0.990623 
0.9 1.2 26 30 1.2 2.1 30 40 0.993085 0.993085 0.993085 
0.9 1.2 26 30 1.2 2.1 40 50 0.994169 0.994169 0.994169 
0.9 1.2 26 30 1.2 2.1 50 60 0.994225 0.994225 0.994225 
0.9 1.2 26 30 1.2 2.1 60 120 0.993898 0.993898 0.993898 
0.9 1.2 26 30 1.2 2.1 120 200 0.993428 0.993428 0.993428 
0.9 1.2 26 30 2.1 2.4 20 26 0.961232 0.961232 0.961232 
0.9 1.2 26 30 2.1 2.4 26 30 0.981576 0.981576 0.981576 
0.9 1.2 26 30 2.1 2.4 30 40 0.986558 0.986558 0.986558 
0.9 1.2 26 30 2.1 2.4 40 50 0.988522 0.988522 0.988522 
0.9 1.2 26 30 2.1 2.4 50 60 0.98859 0.98859 0.98859 
0.9 1.2 26 30 2.1 2.4 60 120 0.989125 0.989125 0.989125 
0.9 1.2 26 30 2.1 2.4 120 200 0.988195 0.988195 0.988195 
0.9 1.2 30 40 -2.4 2.4 0 20 0.957987 0.957987 0.957987 
0.9 1.2 30 40 0 0.9 20 26 0.9734 0.9734 0.9734 
0.9 1.2 30 40 0 0.9 26 30 0.993729 0.993729 0.993729 
0.9 1.2 30 40 0 0.9 30 40 0.99499 0.99499 0.99499 
0.9 1.2 30 40 0 0.9 40 50 0.99555 0.99555 0.99555 
0.9 1.2 30 40 0 0.9 50 60 0.995739 0.995739 0.995739 
0.9 1.2 30 40 0 0.9 60 120 0.995671 0.995671 0.995671 
0.9 1.2 30 40 0 0.9 120 200 0.995353 0.995353 0.995353 
0.9 1.2 30 40 0.9 1.2 20 26 0.97183 0.97183 0.97183 
0.9 1.2 30 40 0.9 1.2 26 30 0.99275 0.99275 0.99275 
0.9 1.2 30 40 0.9 1.2 30 40 0.994741 0.994741 0.994741 
0.9 1.2 30 40 0.9 1.2 40 50 0.995426 0.995426 0.995426 
0.9 1.2 30 40 0.9 1.2 50 60 0.995568 0.995568 0.995568 
0.9 1.2 30 40 0.9 1.2 60 120 0.995424 0.995424 0.995424 
0.9 1.2 30 40 0.9 1.2 120 200 0.994835 0.994835 0.994835 
0.9 1.2 30 40 1.2 2.1 20 26 0.972409 0.972409 0.972409 
0.9 1.2 30 40 1.2 2.1 26 30 0.992593 0.992593 0.992593 
0.9 1.2 30 40 1.2 2.1 30 40 0.994467 0.994467 0.994467 
0.9 1.2 30 40 1.2 2.1 40 50 0.995313 0.995313 0.995313 
0.9 1.2 30 40 1.2 2.1 50 60 0.995386 0.995386 0.995386 
0.9 1.2 30 40 1.2 2.1 60 120 0.995186 0.995186 0.995186 
0.9 1.2 30 40 1.2 2.1 120 200 0.994916 0.994916 0.994916 
0.9 1.2 30 40 2.1 2.4 20 26 0.969827 0.969827 0.969827 
0.9 1.2 30 40 2.1 2.4 26 30 0.986066 0.986066 0.986066 
0.9 1.2 30 40 2.1 2.4 30 40 0.989686 0.989686 0.989686 
0.9 1.2 30 40 2.1 2.4 40 50 0.991154 0.991154 0.991154 
0.9 1.2 30 40 2.1 2.4 50 60 0.991243 0.991243 0.991243 
0.9 1.2 30 40 2.1 2.4 60 120 0.991634 0.991634 0.991634 
0.9 1.2 30 40 2.1 2.4 120 200 0.991107 0.991107 0.991107 
0.9 1.2 40 50 -2.4 2.4 0 20 0.960575 0.960575 0.960575 
0.9 1.2 40 50 0 0.9 20 26 0.975235 0.975235 0.975235 
0.9 1.2 40 50 0 0.9 26 30 0.994486 0.994486 0.994486 
0.9 1.2 40 50 0 0.9 30 40 0.995609 0.995609 0.995609 
0.9 1.2 40 50 0 0.9 40 50 0.996117 0.996117 0.996117 
0.9 1.2 40 50 0 0.9 50 60 0.996281 0.996281 0.996281 
0.9 1.2 40 50 0 0.9 60 120 0.996226 0.996226 0.996226 
0.9 1.2 40 50 0 0.9 120 200 0.995937 0.995937 0.995937 
0.9 1.2 40 50 0.9 1.2 20 26 0.973825 0.973825 0.973825 
0.9 1.2 40 50 0.9 1.2 26 30 0.993638 0.993638 0.993638 
0.9 1.2 40 50 0.9 1.2 30 40 0.995426 0.995426 0.995426 
0.9 1.2 40 50 0.9 1.2 40 50 0.996055 0.996055 0.996055 
0.9 1.2 40 50 0.9 1.2 50 60 0.996191 0.996191 0.996191 
0.9 1.2 40 50 0.9 1.2 60 120 0.996074 0.996074 0.996074 
0.9 1.2 40 50 0.9 1.2 120 200 0.99558 0.99558 0.99558 
0.9 1.2 40 50 1.2 2.1 20 26 0.974117 0.974117 0.974117 
0.9 1.2 40 50 1.2 2.1 26 30 0.993057 0.993057 0.993057 
0.9 1.2 40 50 1.2 2.1 30 40 0.994763 0.994763 0.994763 
0.9 1.2 40 50 1.2 2.1 40 50 0.995549 0.995549 0.995549 
0.9 1.2 40 50 1.2 2.1 50 60 0.99564 0.99564 0.99564 
0.9 1.2 40 50 1.2 2.1 60 120 0.995495 0.995495 0.995495 
0.9 1.2 40 50 1.2 2.1 120 200 0.995318 0.995318 0.995318 
0.9 1.2 40 50 2.1 2.4 20 26 0.9719 0.9719 0.9719 
0.9 1.2 40 50 2.1 2.4 26 30 0.98739 0.98739 0.98739 
0.9 1.2 40 50 2.1 2.4 30 40 0.990555 0.990555 0.990555 
0.9 1.2 40 50 2.1 2.4 40 50 0.991873 0.991873 0.991873 
0.9 1.2 40 50 2.1 2.4 50 60 0.991983 0.991983 0.991983 
0.9 1.2 40 50 2.1 2.4 60 120 0.992327 0.992327 0.992327 
0.9 1.2 40 50 2.1 2.4 120 200 0.991988 0.991988 0.991988 
0.9 1.2 50 60 -2.4 2.4 0 20 0.960656 0.960656 0.960656 
0.9 1.2 50 60 0 0.9 20 26 0.975365 0.975365 0.975365 
0.9 1.2 50 60 0 0.9 26 30 0.994635 0.994635 0.994635 
0.9 1.2 50 60 0 0.9 30 40 0.995733 0.995733 0.995733 
0.9 1.2 50 60 0 0.9 40 50 0.996233 0.996233 0.996233 
0.9 1.2 50 60 0 0.9 50 60 0.996393 0.996393 0.996393 
0.9 1.2 50 60 0 0.9 60 120 0.996341 0.996341 0.996341 
0.9 1.2 50 60 0 0.9 120 200 0.996056 0.996056 0.996056 
0.9 1.2 50 60 0.9 1.2 20 26 0.97398 0.97398 0.97398 
0.9 1.2 50 60 0.9 1.2 26 30 0.993815 0.993815 0.993815 
0.9 1.2 50 60 0.9 1.2 30 40 0.995568 0.995568 0.995568 
0.9 1.2 50 60 0.9 1.2 40 50 0.996191 0.996191 0.996191 
0.9 1.2 50 60 0.9 1.2 50 60 0.996327 0.996327 0.996327 
0.9 1.2 50 60 0.9 1.2 60 120 0.996218 0.996218 0.996218 
0.9 1.2 50 60 0.9 1.2 120 200 0.995746 0.995746 0.995746 
0.9 1.2 50 60 1.2 2.1 20 26 0.974182 0.974182 0.974182 
0.9 1.2 50 60 1.2 2.1 26 30 0.99308 0.99308 0.99308 
0.9 1.2 50 60 1.2 2.1 30 40 0.994761 0.994761 0.994761 
0.9 1.2 50 60 1.2 2.1 40 50 0.995543 0.995543 0.995543 
0.9 1.2 50 60 1.2 2.1 50 60 0.995641 0.995641 0.995641 
0.9 1.2 50 60 1.2 2.1 60 120 0.995512 0.995512 0.995512 
0.9 1.2 50 60 1.2 2.1 120 200 0.995363 0.995363 0.995363 
0.9 1.2 50 60 2.1 2.4 20 26 0.972043 0.972043 0.972043 
0.9 1.2 50 60 2.1 2.4 26 30 0.987592 0.987592 0.987592 
0.9 1.2 50 60 2.1 2.4 30 40 0.990666 0.990666 0.990666 
0.9 1.2 50 60 2.1 2.4 40 50 0.991958 0.991958 0.991958 
0.9 1.2 50 60 2.1 2.4 50 60 0.992078 0.992078 0.992078 
0.9 1.2 50 60 2.1 2.4 60 120 0.992412 0.992412 0.992412 
0.9 1.2 50 60 2.1 2.4 120 200 0.99213 0.99213 0.99213 
0.9 1.2 60 120 -2.4 2.4 0 20 0.958651 0.958651 0.958651 
0.9 1.2 60 120 0 0.9 20 26 0.97417 0.97417 0.97417 
0.9 1.2 60 120 0 0.9 26 30 0.994446 0.994446 0.994446 
0.9 1.2 60 120 0 0.9 30 40 0.995586 0.995586 0.995586 
0.9 1.2 60 120 0 0.9 40 50 0.996107 0.996107 0.996107 
0.9 1.2 60 120 0 0.9 50 60 0.996272 0.996272 0.996272 
0.9 1.2 60 120 0 0.9 60 120 0.996219 0.996219 0.996219 
0.9 1.2 60 120 0 0.9 120 200 0.995923 0.995923 0.995923 
0.9 1.2 60 120 0.9 1.2 20 26 0.972727 0.972727 0.972727 
0.9 1.2 60 120 0.9 1.2 26 30 0.9936 0.9936 0.9936 
0.9 1.2 60 120 0.9 1.2 30 40 0.995424 0.995424 0.995424 
0.9 1.2 60 120 0.9 1.2 40 50 0.996074 0.996074 0.996074 
0.9 1.2 60 120 0.9 1.2 50 60 0.996218 0.996218 0.996218 
0.9 1.2 60 120 0.9 1.2 60 120 0.996107 0.996107 0.996107 
0.9 1.2 60 120 0.9 1.2 120 200 0.995623 0.995623 0.995623 
0.9 1.2 60 120 1.2 2.1 20 26 0.972886 0.972886 0.972886 
0.9 1.2 60 120 1.2 2.1 26 30 0.992741 0.992741 0.992741 
0.9 1.2 60 120 1.2 2.1 30 40 0.994495 0.994495 0.994495 
0.9 1.2 60 120 1.2 2.1 40 50 0.995313 0.995313 0.995313 
0.9 1.2 60 120 1.2 2.1 50 60 0.995421 0.995421 0.995421 
0.9 1.2 60 120 1.2 2.1 60 120 0.995294 0.995294 0.995294 
0.9 1.2 60 120 1.2 2.1 120 200 0.995153 0.995153 0.995153 
0.9 1.2 60 120 2.1 2.4 20 26 0.97068 0.97068 0.97068 
0.9 1.2 60 120 2.1 2.4 26 30 0.987072 0.987072 0.987072 
0.9 1.2 60 120 2.1 2.4 30 40 0.990252 0.990252 0.990252 
0.9 1.2 60 120 2.1 2.4 40 50 0.991596 0.991596 0.991596 
0.9 1.2 60 120 2.1 2.4 50 60 0.991728 0.991728 0.991728 
0.9 1.2 60 120 2.1 2.4 60 120 0.992074 0.992074 0.992074 
0.9 1.2 60 120 2.1 2.4 120 200 0.99181 0.99181 0.99181 
0.9 1.2 120 200 -2.4 2.4 0 20 0.952258 0.952258 0.952258 
0.9 1.2 120 200 0 0.9 20 26 0.970286 0.970286 0.970286 
0.9 1.2 120 200 0 0.9 26 30 0.993713 0.993713 0.993713 
0.9 1.2 120 200 0 0.9 30 40 0.995009 0.995009 0.995009 
0.9 1.2 120 200 0 0.9 40 50 0.995603 0.995603 0.995603 
0.9 1.2 120 200 0 0.9 50 60 0.995789 0.995789 0.995789 
0.9 1.2 120 200 0 0.9 60 120 0.995731 0.995731 0.995731 
0.9 1.2 120 200 0 0.9 120 200 0.995392 0.995392 0.995392 
0.9 1.2 120 200 0.9 1.2 20 26 0.968636 0.968636 0.968636 
0.9 1.2 120 200 0.9 1.2 26 30 0.992759 0.992759 0.992759 
0.9 1.2 120 200 0.9 1.2 30 40 0.994835 0.994835 0.994835 
0.9 1.2 120 200 0.9 1.2 40 50 0.99558 0.99558 0.99558 
0.9 1.2 120 200 0.9 1.2 50 60 0.995746 0.995746 0.995746 
0.9 1.2 120 200 0.9 1.2 60 120 0.995623 0.995623 0.995623 
0.9 1.2 120 200 0.9 1.2 120 200 0.995082 0.995082 0.995082 
0.9 1.2 120 200 1.2 2.1 20 26 0.968748 0.968748 0.968748 
0.9 1.2 120 200 1.2 2.1 26 30 0.991652 0.991652 0.991652 
0.9 1.2 120 200 1.2 2.1 30 40 0.993656 0.993656 0.993656 
0.9 1.2 120 200 1.2 2.1 40 50 0.994596 0.994596 0.994596 
0.9 1.2 120 200 1.2 2.1 50 60 0.994726 0.994726 0.994726 
0.9 1.2 120 200 1.2 2.1 60 120 0.994592 0.994592 0.994592 
0.9 1.2 120 200 1.2 2.1 120 200 0.994451 0.994451 0.994451 
0.9 1.2 120 200 2.1 2.4 20 26 0.966256 0.966256 0.966256 
0.9 1.2 120 200 2.1 2.4 26 30 0.98525 0.98525 0.98525 
0.9 1.2 120 200 2.1 2.4 30 40 0.988849 0.988849 0.988849 
0.9 1.2 120 200 2.1 2.4 40 50 0.99038 0.99038 0.99038 
0.9 1.2 120 200 2.1 2.4 50 60 0.990539 0.990539 0.990539 
0.9 1.2 120 200 2.1 2.4 60 120 0.990931 0.990931 0.990931 
0.9 1.2 120 200 2.1 2.4 120 200 0.990669 0.990669 0.990669 
1.2 2.1 20 26 -2.4 2.4 0 20 0.965091 0.965091 0.965091 
1.2 2.1 20 26 0 0.9 20 26 0.955676 0.955676 0.955676 
1.2 2.1 20 26 0 0.9 26 30 0.970463 0.970463 0.970463 
1.2 2.1 20 26 0 0.9 30 40 0.975696 0.975696 0.975696 
1.2 2.1 20 26 0 0.9 40 50 0.977465 0.977465 0.977465 
1.2 2.1 20 26 0 0.9 50 60 0.978461 0.978461 0.978461 
1.2 2.1 20 26 0 0.9 60 120 0.977893 0.977893 0.977893 
1.2 2.1 20 26 0 0.9 120 200 0.976883 0.976883 0.976883 
1.2 2.1 20 26 0.9 1.2 20 26 0.947812 0.947812 0.947812 
1.2 2.1 20 26 0.9 1.2 26 30 0.964887 0.964887 0.964887 
1.2 2.1 20 26 0.9 1.2 30 40 0.972409 0.972409 0.972409 
1.2 2.1 20 26 0.9 1.2 40 50 0.974117 0.974117 0.974117 
1.2 2.1 20 26 0.9 1.2 50 60 0.974182 0.974182 0.974182 
1.2 2.1 20 26 0.9 1.2 60 120 0.972886 0.972886 0.972886 
1.2 2.1 20 26 0.9 1.2 120 200 0.968748 0.968748 0.968748 
1.2 2.1 20 26 1.2 2.1 20 26 0.972456 0.972456 0.972456 
1.2 2.1 20 26 1.2 2.1 26 30 0.991723 0.991723 0.991723 
1.2 2.1 20 26 1.2 2.1 30 40 0.997122 0.997122 0.997122 
1.2 2.1 20 26 1.2 2.1 40 50 0.99847 0.99847 0.99847 
1.2 2.1 20 26 1.2 2.1 50 60 0.99713 0.99713 0.99713 
1.2 2.1 20 26 1.2 2.1 60 120 0.99416 0.99416 0.99416 
1.2 2.1 20 26 1.2 2.1 120 200 0.989052 0.989052 0.989052 
1.2 2.1 20 26 2.1 2.4 20 26 0.94925 0.94925 0.94925 
1.2 2.1 20 26 2.1 2.4 26 30 0.953471 0.953471 0.953471 
1.2 2.1 20 26 2.1 2.4 30 40 0.973538 0.973538 0.973538 
1.2 2.1 20 26 2.1 2.4 40 50 0.979298 0.979298 0.979298 
1.2 2.1 20 26 2.1 2.4 50 60 0.977663 0.977663 0.977663 
1.2 2.1 20 26 2.1 2.4 60 120 0.979637 0.979637 0.979637 
1.2 2.1 20 26 2.1 2.4 120 200 0.969134 0.969134 0.969134 
1.2 2.1 26 30 -2.4 2.4 0 20 0.990248 0.990248 0.990248 
1.2 2.1 26 30 0 0.9 20 26 0.988716 0.988716 0.988716 
1.2 2.1 26 30 0 0.9 26 30 0.992063 0.992063 0.992063 
1.2 2.1 26 30 0 0.9 30 40 0.993441 0.993441 0.993441 
1.2 2.1 26 30 0 0.9 40 50 0.993919 0.993919 0.993919 
1.2 2.1 26 30 0 0.9 50 60 0.994182 0.994182 0.994182 
1.2 2.1 26 30 0 0.9 60 120 0.994034 0.994034 0.994034 
1.2 2.1 26 30 0 0.9 120 200 0.99376 0.99376 0.99376 
1.2 2.1 26 30 0.9 1.2 20 26 0.987314 0.987314 0.987314 
1.2 2.1 26 30 0.9 1.2 26 30 0.990623 0.990623 0.990623 
1.2 2.1 26 30 0.9 1.2 30 40 0.992593 0.992593 0.992593 
1.2 2.1 26 30 0.9 1.2 40 50 0.993057 0.993057 0.993057 
1.2 2.1 26 30 0.9 1.2 50 60 0.99308 0.99308 0.99308 
1.2 2.1 26 30 0.9 1.2 60 120 0.992741 0.992741 0.992741 
1.2 2.1 26 30 0.9 1.2 120 200 0.991652 0.991652 0.991652 
1.2 2.1 26 30 1.2 2.1 20 26 0.991723 0.991723 0.991723 
1.2 2.1 26 30 1.2 2.1 26 30 0.997156 0.997156 0.997156 
1.2 2.1 26 30 1.2 2.1 30 40 0.998626 0.998626 0.998626 
1.2 2.1 26 30 1.2 2.1 40 50 0.999046 0.999046 0.999046 
1.2 2.1 26 30 1.2 2.1 50 60 0.998737 0.998737 0.998737 
1.2 2.1 26 30 1.2 2.1 60 120 0.998007 0.998007 0.998007 
1.2 2.1 26 30 1.2 2.1 120 200 0.996749 0.996749 0.996749 
1.2 2.1 26 30 2.1 2.4 20 26 0.987692 0.987692 0.987692 
1.2 2.1 26 30 2.1 2.4 26 30 0.987862 0.987862 0.987862 
1.2 2.1 26 30 2.1 2.4 30 40 0.992674 0.992674 0.992674 
1.2 2.1 26 30 2.1 2.4 40 50 0.994117 0.994117 0.994117 
1.2 2.1 26 30 2.1 2.4 50 60 0.993732 0.993732 0.993732 
1.2 2.1 26 30 2.1 2.4 60 120 0.994227 0.994227 0.994227 
1.2 2.1 26 30 2.1 2.4 120 200 0.991658 0.991658 0.991658 
1.2 2.1 30 40 -2.4 2.4 0 20 0.998317 0.998317 0.998317 
1.2 2.1 30 40 0 0.9 20 26 0.994451 0.994451 0.994451 
1.2 2.1 30 40 0 0.9 26 30 0.994163 0.994163 0.994163 
1.2 2.1 30 40 0 0.9 30 40 0.995149 0.995149 0.995149 
1.2 2.1 30 40 0 0.9 40 50 0.995474 0.995474 0.995474 
1.2 2.1 30 40 0 0.9 50 60 0.995671 0.995671 0.995671 
1.2 2.1 30 40 0 0.9 60 120 0.995555 0.995555 0.995555 
1.2 2.1 30 40 0 0.9 120 200 0.995368 0.995368 0.995368 
1.2 2.1 30 40 0.9 1.2 20 26 0.993534 0.993534 0.993534 
1.2 2.1 30 40 0.9 1.2 26 30 0.993085 0.993085 0.993085 
1.2 2.1 30 40 0.9 1.2 30 40 0.994467 0.994467 0.994467 
1.2 2.1 30 40 0.9 1.2 40 50 0.994763 0.994763 0.994763 
1.2 2.1 30 40 0.9 1.2 50 60 0.994761 0.994761 0.994761 
1.2 2.1 30 40 0.9 1.2 60 120 0.994495 0.994495 0.994495 
1.2 2.1 30 40 0.9 1.2 120 200 0.993656 0.993656 0.993656 
1.2 2.1 30 40 1.2 2.1 20 26 0.997122 0.997122 0.997122 
1.2 2.1 30 40 1.2 2.1 26 30 0.998626 0.998626 0.998626 
1.2 2.1 30 40 1.2 2.1 30 40 0.9996 0.9996 0.9996 
1.2 2.1 30 40 1.2 2.1 40 50 0.999837 0.999837 0.999837 
1.2 2.1 30 40 1.2 2.1 50 60 0.999566 0.999566 0.999566 
1.2 2.1 30 40 1.2 2.1 60 120 0.998978 0.998978 0.998978 
1.2 2.1 30 40 1.2 2.1 120 200 0.997955 0.997955 0.997955 
1.2 2.1 30 40 2.1 2.4 20 26 0.994181 0.994181 0.994181 
1.2 2.1 30 40 2.1 2.4 26 30 0.991744 0.991744 0.991744 
1.2 2.1 30 40 2.1 2.4 30 40 0.995267 0.995267 0.995267 
1.2 2.1 30 40 2.1 2.4 40 50 0.99627 0.99627 0.99627 
1.2 2.1 30 40 2.1 2.4 50 60 0.995933 0.995933 0.995933 
1.2 2.1 30 40 2.1 2.4 60 120 0.996294 0.996294 0.996294 
1.2 2.1 30 40 2.1 2.4 120 200 0.994201 0.994201 0.994201 
1.2 2.1 40 50 -2.4 2.4 0 20 1.00007 1.00007 1.00007 
1.2 2.1 40 50 0 0.9 20 26 0.996103 0.996103 0.996103 
1.2 2.1 40 50 0 0.9 26 30 0.995083 0.995083 0.995083 
1.2 2.1 40 50 0 0.9 30 40 0.995905 0.995905 0.995905 
1.2 2.1 40 50 0 0.9 40 50 0.996171 0.996171 0.996171 
1.2 2.1 40 50 0 0.9 50 60 0.996337 0.996337 0.996337 
1.2 2.1 40 50 0 0.9 60 120 0.996238 0.996238 0.996238 
1.2 2.1 40 50 0 0.9 120 200 0.996085 0.996085 0.996085 
1.2 2.1 40 50 0.9 1.2 20 26 0.995366 0.995366 0.995366 
1.2 2.1 40 50 0.9 1.2 26 30 0.994169 0.994169 0.994169 
1.2 2.1 40 50 0.9 1.2 30 40 0.995313 0.995313 0.995313 
1.2 2.1 40 50 0.9 1.2 40 50 0.995549 0.995549 0.995549 
1.2 2.1 40 50 0.9 1.2 50 60 0.995543 0.995543 0.995543 
1.2 2.1 40 50 0.9 1.2 60 120 0.995313 0.995313 0.995313 
1.2 2.1 40 50 0.9 1.2 120 200 0.994596 0.994596 0.994596 
1.2 2.1 40 50 1.2 2.1 20 26 0.99847 0.99847 0.99847 
1.2 2.1 40 50 1.2 2.1 26 30 0.999046 0.999046 0.999046 
1.2 2.1 40 50 1.2 2.1 30 40 0.999837 0.999837 0.999837 
1.2 2.1 40 50 1.2 2.1 40 50 1.00002 1.00002 1.00002 
1.2 2.1 40 50 1.2 2.1 50 60 0.999775 0.999775 0.999775 
1.2 2.1 40 50 1.2 2.1 60 120 0.999266 0.999266 0.999266 
1.2 2.1 40 50 1.2 2.1 120 200 0.998376 0.998376 0.998376 
1.2 2.1 40 50 2.1 2.4 20 26 0.99601 0.99601 0.99601 
1.2 2.1 40 50 2.1 2.4 26 30 0.993241 0.993241 0.993241 
1.2 2.1 40 50 2.1 2.4 30 40 0.996201 0.996201 0.996201 
1.2 2.1 40 50 2.1 2.4 40 50 0.997029 0.997029 0.997029 
1.2 2.1 40 50 2.1 2.4 50 60 0.996729 0.996729 0.996729 
1.2 2.1 40 50 2.1 2.4 60 120 0.997033 0.997033 0.997033 
1.2 2.1 40 50 2.1 2.4 120 200 0.995212 0.995212 0.995212 
1.2 2.1 50 60 -2.4 2.4 0 20 0.997788 0.997788 0.997788 
1.2 2.1 50 60 0 0.9 20 26 0.995 0.995 0.995 
1.2 2.1 50 60 0 0.9 26 30 0.995122 0.995122 0.995122 
1.2 2.1 50 60 0 0.9 30 40 0.995948 0.995948 0.995948 
1.2 2.1 50 60 0 0.9 40 50 0.996223 0.996223 0.996223 
1.2 2.1 50 60 0 0.9 50 60 0.996387 0.996387 0.996387 
1.2 2.1 50 60 0 0.9 60 120 0.996291 0.996291 0.996291 
1.2 2.1 50 60 0 0.9 120 200 0.996133 0.996133 0.996133 
1.2 2.1 50 60 0.9 1.2 20 26 0.994234 0.994234 0.994234 
1.2 2.1 50 60 0.9 1.2 26 30 0.994225 0.994225 0.994225 
1.2 2.1 50 60 0.9 1.2 30 40 0.995386 0.995386 0.995386 
1.2 2.1 50 60 0.9 1.2 40 50 0.99564 0.99564 0.99564 
1.2 2.1 50 60 0.9 1.2 50 60 0.995641 0.995641 0.995641 
1.2 2.1 50 60 0.9 1.2 60 120 0.995421 0.995421 0.995421 
1.2 2.1 50 60 0.9 1.2 120 200 0.994726 0.994726 0.994726 
1.2 2.1 50 60 1.2 2.1 20 26 0.99713 0.99713 0.99713 
1.2 2.1 50 60 1.2 2.1 26 30 0.998737 0.998737 0.998737 
1.2 2.1 50 60 1.2 2.1 30 40 0.999566 0.999566 0.999566 
1.2 2.1 50 60 1.2 2.1 40 50 0.999775 0.999775 0.999775 
1.2 2.1 50 60 1.2 2.1 50 60 0.999557 0.999557 0.999557 
1.2 2.1 50 60 1.2 2.1 60 120 0.999074 0.999074 0.999074 
1.2 2.1 50 60 1.2 2.1 120 200 0.998236 0.998236 0.998236 
1.2 2.1 50 60 2.1 2.4 20 26 0.994718 0.994718 0.994718 
1.2 2.1 50 60 2.1 2.4 26 30 0.993024 0.993024 0.993024 
1.2 2.1 50 60 2.1 2.4 30 40 0.995952 0.995952 0.995952 
1.2 2.1 50 60 2.1 2.4 40 50 0.996794 0.996794 0.996794 
1.2 2.1 50 60 2.1 2.4 50 60 0.996521 0.996521 0.996521 
1.2 2.1 50 60 2.1 2.4 60 120 0.996823 0.996823 0.996823 
1.2 2.1 50 60 2.1 2.4 120 200 0.995108 0.995108 0.995108 
1.2 2.1 60 120 -2.4 2.4 0 20 0.992959 0.992959 0.992959 
1.2 2.1 60 120 0 0.9 20 26 0.992343 0.992343 0.992343 
1.2 2.1 60 120 0 0.9 26 30 0.994829 0.994829 0.994829 
1.2 2.1 60 120 0 0.9 30 40 0.995728 0.995728 0.995728 
1.2 2.1 60 120 0 0.9 40 50 0.996043 0.996043 0.996043 
1.2 2.1 60 120 0 0.9 50 60 0.996214 0.996214 0.996214 
1.2 2.1 60 120 0 0.9 60 120 0.996119 0.996119 0.996119 
1.2 2.1 60 120 0 0.9 120 200 0.995938 0.995938 0.995938 
1.2 2.1 60 120 0.9 1.2 20 26 0.991456 0.991456 0.991456 
1.2 2.1 60 120 0.9 1.2 26 30 0.993898 0.993898 0.993898 
1.2 2.1 60 120 0.9 1.2 30 40 0.995186 0.995186 0.995186 
1.2 2.1 60 120 0.9 1.2 40 50 0.995495 0.995495 0.995495 
1.2 2.1 60 120 0.9 1.2 50 60 0.995512 0.995512 0.995512 
1.2 2.1 60 120 0.9 1.2 60 120 0.995294 0.995294 0.995294 
1.2 2.1 60 120 0.9 1.2 120 200 0.994592 0.994592 0.994592 
1.2 2.1 60 120 1.2 2.1 20 26 0.99416 0.99416 0.99416 
1.2 2.1 60 120 1.2 2.1 26 30 0.998007 0.998007 0.998007 
1.2 2.1 60 120 1.2 2.1 30 40 0.998978 0.998978 0.998978 
1.2 2.1 60 120 1.2 2.1 40 50 0.999266 0.999266 0.999266 
1.2 2.1 60 120 1.2 2.1 50 60 0.999074 0.999074 0.999074 
1.2 2.1 60 120 1.2 2.1 60 120 0.99861 0.99861 0.99861 
1.2 2.1 60 120 1.2 2.1 120 200 0.997812 0.997812 0.997812 
1.2 2.1 60 120 2.1 2.4 20 26 0.991653 0.991653 0.991653 
1.2 2.1 60 120 2.1 2.4 26 30 0.992036 0.992036 0.992036 
1.2 2.1 60 120 2.1 2.4 30 40 0.995127 0.995127 0.995127 
1.2 2.1 60 120 2.1 2.4 40 50 0.996066 0.996066 0.996066 
1.2 2.1 60 120 2.1 2.4 50 60 0.995827 0.995827 0.995827 
1.2 2.1 60 120 2.1 2.4 60 120 0.996147 0.996147 0.996147 
1.2 2.1 60 120 2.1 2.4 120 200 0.994519 0.994519 0.994519 
1.2 2.1 120 200 -2.4 2.4 0 20 0.984661 0.984661 0.984661 
1.2 2.1 120 200 0 0.9 20 26 0.987813 0.987813 0.987813 
1.2 2.1 120 200 0 0.9 26 30 0.994403 0.994403 0.994403 
1.2 2.1 120 200 0 0.9 30 40 0.995414 0.995414 0.995414 
1.2 2.1 120 200 0 0.9 40 50 0.995793 0.995793 0.995793 
1.2 2.1 120 200 0 0.9 50 60 0.995974 0.995974 0.995974 
1.2 2.1 120 200 0 0.9 60 120 0.995882 0.995882 0.995882 
1.2 2.1 120 200 0 0.9 120 200 0.995665 0.995665 0.995665 
1.2 2.1 120 200 0.9 1.2 20 26 0.986733 0.986733 0.986733 
1.2 2.1 120 200 0.9 1.2 26 30 0.993428 0.993428 0.993428 
1.2 2.1 120 200 0.9 1.2 30 40 0.994916 0.994916 0.994916 
1.2 2.1 120 200 0.9 1.2 40 50 0.995318 0.995318 0.995318 
1.2 2.1 120 200 0.9 1.2 50 60 0.995363 0.995363 0.995363 
1.2 2.1 120 200 0.9 1.2 60 120 0.995153 0.995153 0.995153 
1.2 2.1 120 200 0.9 1.2 120 200 0.994451 0.994451 0.994451 
1.2 2.1 120 200 1.2 2.1 20 26 0.989052 0.989052 0.989052 
1.2 2.1 120 200 1.2 2.1 26 30 0.996749 0.996749 0.996749 
1.2 2.1 120 200 1.2 2.1 30 40 0.997955 0.997955 0.997955 
1.2 2.1 120 200 1.2 2.1 40 50 0.998376 0.998376 0.998376 
1.2 2.1 120 200 1.2 2.1 50 60 0.998236 0.998236 0.998236 
1.2 2.1 120 200 1.2 2.1 60 120 0.997812 0.997812 0.997812 
1.2 2.1 120 200 1.2 2.1 120 200 0.997102 0.997102 0.997102 
1.2 2.1 120 200 2.1 2.4 20 26 0.986426 0.986426 0.986426 
1.2 2.1 120 200 2.1 2.4 26 30 0.990434 0.990434 0.990434 
1.2 2.1 120 200 2.1 2.4 30 40 0.993757 0.993757 0.993757 
1.2 2.1 120 200 2.1 2.4 40 50 0.994848 0.994848 0.994848 
1.2 2.1 120 200 2.1 2.4 50 60 0.994672 0.994672 0.994672 
1.2 2.1 120 200 2.1 2.4 60 120 0.99502 0.99502 0.99502 
1.2 2.1 120 200 2.1 2.4 120 200 0.993575 0.993575 0.993575 
2.1 2.4 20 26 -2.4 2.4 0 20 0.905385 0.905385 0.905385 
2.1 2.4 20 26 0 0.9 20 26 0.934522 0.934522 0.934522 
2.1 2.4 20 26 0 0.9 26 30 0.967322 0.967322 0.967322 
2.1 2.4 20 26 0 0.9 30 40 0.973222 0.973222 0.973222 
2.1 2.4 20 26 0 0.9 40 50 0.975287 0.975287 0.975287 
2.1 2.4 20 26 0 0.9 50 60 0.976379 0.976379 0.976379 
2.1 2.4 20 26 0 0.9 60 120 0.975778 0.975778 0.975778 
2.1 2.4 20 26 0 0.9 120 200 0.974601 0.974601 0.974601 
2.1 2.4 20 26 0.9 1.2 20 26 0.924686 0.924686 0.924686 
2.1 2.4 20 26 0.9 1.2 26 30 0.961232 0.961232 0.961232 
2.1 2.4 20 26 0.9 1.2 30 40 0.969827 0.969827 0.969827 
2.1 2.4 20 26 0.9 1.2 40 50 0.9719 0.9719 0.9719 
2.1 2.4 20 26 0.9 1.2 50 60 0.972043 0.972043 0.972043 
2.1 2.4 20 26 0.9 1.2 60 120 0.97068 0.97068 0.97068 
2.1 2.4 20 26 0.9 1.2 120 200 0.966256 0.966256 0.966256 
2.1 2.4 20 26 1.2 2.1 20 26 0.94925 0.94925 0.94925 
2.1 2.4 20 26 1.2 2.1 26 30 0.987692 0.987692 0.987692 
2.1 2.4 20 26 1.2 2.1 30 40 0.994181 0.994181 0.994181 
2.1 2.4 20 26 1.2 2.1 40 50 0.99601 0.99601 0.99601 
2.1 2.4 20 26 1.2 2.1 50 60 0.994718 0.994718 0.994718 
2.1 2.4 20 26 1.2 2.1 60 120 0.991653 0.991653 0.991653 
2.1 2.4 20 26 1.2 2.1 120 200 0.986426 0.986426 0.986426 
2.1 2.4 20 26 2.1 2.4 20 26 0.922839 0.922839 0.922839 
2.1 2.4 20 26 2.1 2.4 26 30 0.945477 0.945477 0.945477 
2.1 2.4 20 26 2.1 2.4 30 40 0.967816 0.967816 0.967816 
2.1 2.4 20 26 2.1 2.4 40 50 0.974477 0.974477 0.974477 
2.1 2.4 20 26 2.1 2.4 50 60 0.972919 0.972919 0.972919 
2.1 2.4 20 26 2.1 2.4 60 120 0.975121 0.975121 0.975121 
2.1 2.4 20 26 2.1 2.4 120 200 0.964407 0.964407 0.964407 
2.1 2.4 26 30 -2.4 2.4 0 20 0.926998 0.926998 0.926998 
2.1 2.4 26 30 0 0.9 20 26 0.952185 0.952185 0.952185 
2.1 2.4 26 30 0 0.9 26 30 0.984256 0.984256 0.984256 
2.1 2.4 26 30 0 0.9 30 40 0.987224 0.987224 0.987224 
2.1 2.4 26 30 0 0.9 40 50 0.988405 0.988405 0.988405 
2.1 2.4 26 30 0 0.9 50 60 0.988905 0.988905 0.988905 
2.1 2.4 26 30 0 0.9 60 120 0.988672 0.988672 0.988672 
2.1 2.4 26 30 0 0.9 120 200 0.987999 0.987999 0.987999 
2.1 2.4 26 30 0.9 1.2 20 26 0.948365 0.948365 0.948365 
2.1 2.4 26 30 0.9 1.2 26 30 0.981576 0.981576 0.981576 
2.1 2.4 26 30 0.9 1.2 30 40 0.986066 0.986066 0.986066 
2.1 2.4 26 30 0.9 1.2 40 50 0.98739 0.98739 0.98739 
2.1 2.4 26 30 0.9 1.2 50 60 0.987592 0.987592 0.987592 
2.1 2.4 26 30 0.9 1.2 60 120 0.987072 0.987072 0.987072 
2.1 2.4 26 30 0.9 1.2 120 200 0.98525 0.98525 0.98525 
2.1 2.4 26 30 1.2 2.1 20 26 0.953471 0.953471 0.953471 
2.1 2.4 26 30 1.2 2.1 26 30 0.987862 0.987862 0.987862 
2.1 2.4 26 30 1.2 2.1 30 40 0.991744 0.991744 0.991744 
2.1 2.4 26 30 1.2 2.1 40 50 0.993241 0.993241 0.993241 
2.1 2.4 26 30 1.2 2.1 50 60 0.993024 0.993024 0.993024 
2.1 2.4 26 30 1.2 2.1 60 120 0.992036 0.992036 0.992036 
2.1 2.4 26 30 1.2 2.1 120 200 0.990434 0.990434 0.990434 
2.1 2.4 26 30 2.1 2.4 20 26 0.945477 0.945477 0.945477 
2.1 2.4 26 30 2.1 2.4 26 30 0.96999 0.96999 0.96999 
2.1 2.4 26 30 2.1 2.4 30 40 0.979595 0.979595 0.979595 
2.1 2.4 26 30 2.1 2.4 40 50 0.982961 0.982961 0.982961 
2.1 2.4 26 30 2.1 2.4 50 60 0.982697 0.982697 0.982697 
2.1 2.4 26 30 2.1 2.4 60 120 0.9837 0.9837 0.9837 
2.1 2.4 26 30 2.1 2.4 120 200 0.980467 0.980467 0.980467 
2.1 2.4 30 40 -2.4 2.4 0 20 0.960587 0.960587 0.960587 
2.1 2.4 30 40 0 0.9 20 26 0.971469 0.971469 0.971469 
2.1 2.4 30 40 0 0.9 26 30 0.988546 0.988546 0.988546 
2.1 2.4 30 40 0 0.9 30 40 0.990649 0.990649 0.990649 
2.1 2.4 30 40 0 0.9 40 50 0.991454 0.991454 0.991454 
2.1 2.4 30 40 0 0.9 50 60 0.991823 0.991823 0.991823 
2.1 2.4 30 40 0 0.9 60 120 0.991639 0.991639 0.991639 
2.1 2.4 30 40 0 0.9 120 200 0.99118 0.99118 0.99118 
2.1 2.4 30 40 0.9 1.2 20 26 0.968986 0.968986 0.968986 
2.1 2.4 30 40 0.9 1.2 26 30 0.986558 0.986558 0.986558 
2.1 2.4 30 40 0.9 1.2 30 40 0.989686 0.989686 0.989686 
2.1 2.4 30 40 0.9 1.2 40 50 0.990555 0.990555 0.990555 
2.1 2.4 30 40 0.9 1.2 50 60 0.990666 0.990666 0.990666 
2.1 2.4 30 40 0.9 1.2 60 120 0.990252 0.990252 0.990252 
2.1 2.4 30 40 0.9 1.2 120 200 0.988849 0.988849 0.988849 
2.1 2.4 30 40 1.2 2.1 20 26 0.973538 0.973538 0.973538 
2.1 2.4 30 40 1.2 2.1 26 30 0.992674 0.992674 0.992674 
2.1 2.4 30 40 1.2 2.1 30 40 0.995267 0.995267 0.995267 
2.1 2.4 30 40 1.2 2.1 40 50 0.996201 0.996201 0.996201 
2.1 2.4 30 40 1.2 2.1 50 60 0.995952 0.995952 0.995952 
2.1 2.4 30 40 1.2 2.1 60 120 0.995127 0.995127 0.995127 
2.1 2.4 30 40 1.2 2.1 120 200 0.993757 0.993757 0.993757 
2.1 2.4 30 40 2.1 2.4 20 26 0.967816 0.967816 0.967816 
2.1 2.4 30 40 2.1 2.4 26 30 0.979595 0.979595 0.979595 
2.1 2.4 30 40 2.1 2.4 30 40 0.986535 0.986535 0.986535 
2.1 2.4 30 40 2.1 2.4 40 50 0.988857 0.988857 0.988857 
2.1 2.4 30 40 2.1 2.4 50 60 0.988549 0.988549 0.988549 
2.1 2.4 30 40 2.1 2.4 60 120 0.989271 0.989271 0.989271 
2.1 2.4 30 40 2.1 2.4 120 200 0.986492 0.986492 0.986492 
2.1 2.4 40 50 -2.4 2.4 0 20 0.969877 0.969877 0.969877 
2.1 2.4 40 50 0 0.9 20 26 0.977268 0.977268 0.977268 
2.1 2.4 40 50 0 0.9 26 30 0.990227 0.990227 0.990227 
2.1 2.4 40 50 0 0.9 30 40 0.992006 0.992006 0.992006 
2.1 2.4 40 50 0 0.9 40 50 0.992679 0.992679 0.992679 
2.1 2.4 40 50 0 0.9 50 60 0.992995 0.992995 0.992995 
2.1 2.4 40 50 0 0.9 60 120 0.992835 0.992835 0.992835 
2.1 2.4 40 50 0 0.9 120 200 0.992451 0.992451 0.992451 
2.1 2.4 40 50 0.9 1.2 20 26 0.975238 0.975238 0.975238 
2.1 2.4 40 50 0.9 1.2 26 30 0.988522 0.988522 0.988522 
2.1 2.4 40 50 0.9 1.2 30 40 0.991154 0.991154 0.991154 
2.1 2.4 40 50 0.9 1.2 40 50 0.991873 0.991873 0.991873 
2.1 2.4 40 50 0.9 1.2 50 60 0.991958 0.991958 0.991958 
2.1 2.4 40 50 0.9 1.2 60 120 0.991596 0.991596 0.991596 
2.1 2.4 40 50 0.9 1.2 120 200 0.99038 0.99038 0.99038 
2.1 2.4 40 50 1.2 2.1 20 26 0.979298 0.979298 0.979298 
2.1 2.4 40 50 1.2 2.1 26 30 0.994117 0.994117 0.994117 
2.1 2.4 40 50 1.2 2.1 30 40 0.99627 0.99627 0.99627 
2.1 2.4 40 50 1.2 2.1 40 50 0.997029 0.997029 0.997029 
2.1 2.4 40 50 1.2 2.1 50 60 0.996794 0.996794 0.996794 
2.1 2.4 40 50 1.2 2.1 60 120 0.996066 0.996066 0.996066 
2.1 2.4 40 50 1.2 2.1 120 200 0.994848 0.994848 0.994848 
2.1 2.4 40 50 2.1 2.4 20 26 0.974477 0.974477 0.974477 
2.1 2.4 40 50 2.1 2.4 26 30 0.982961 0.982961 0.982961 
2.1 2.4 40 50 2.1 2.4 30 40 0.988857 0.988857 0.988857 
2.1 2.4 40 50 2.1 2.4 40 50 0.990803 0.990803 0.990803 
2.1 2.4 40 50 2.1 2.4 50 60 0.990512 0.990512 0.990512 
2.1 2.4 40 50 2.1 2.4 60 120 0.991126 0.991126 0.991126 
2.1 2.4 40 50 2.1 2.4 120 200 0.988651 0.988651 0.988651 
2.1 2.4 50 60 -2.4 2.4 0 20 0.967125 0.967125 0.967125 
2.1 2.4 50 60 0 0.9 20 26 0.975931 0.975931 0.975931 
2.1 2.4 50 60 0 0.9 26 30 0.990274 0.990274 0.990274 
2.1 2.4 50 60 0 0.9 30 40 0.992058 0.992058 0.992058 
2.1 2.4 50 60 0 0.9 40 50 0.992742 0.992742 0.992742 
2.1 2.4 50 60 0 0.9 50 60 0.993055 0.993055 0.993055 
2.1 2.4 50 60 0 0.9 60 120 0.992899 0.992899 0.992899 
2.1 2.4 50 60 0 0.9 120 200 0.992509 0.992509 0.992509 
2.1 2.4 50 60 0.9 1.2 20 26 0.973872 0.973872 0.973872 
2.1 2.4 50 60 0.9 1.2 26 30 0.98859 0.98859 0.98859 
2.1 2.4 50 60 0.9 1.2 30 40 0.991243 0.991243 0.991243 
2.1 2.4 50 60 0.9 1.2 40 50 0.991983 0.991983 0.991983 
2.1 2.4 50 60 0.9 1.2 50 60 0.992078 0.992078 0.992078 
2.1 2.4 50 60 0.9 1.2 60 120 0.991728 0.991728 0.991728 
2.1 2.4 50 60 0.9 1.2 120 200 0.990539 0.990539 0.990539 
2.1 2.4 50 60 1.2 2.1 20 26 0.977663 0.977663 0.977663 
2.1 2.4 50 60 1.2 2.1 26 30 0.993732 0.993732 0.993732 
2.1 2.4 50 60 1.2 2.1 30 40 0.995933 0.995933 0.995933 
2.1 2.4 50 60 1.2 2.1 40 50 0.996729 0.996729 0.996729 
2.1 2.4 50 60 1.2 2.1 50 60 0.996521 0.996521 0.996521 
2.1 2.4 50 60 1.2 2.1 60 120 0.995827 0.995827 0.995827 
2.1 2.4 50 60 1.2 2.1 120 200 0.994672 0.994672 0.994672 
2.1 2.4 50 60 2.1 2.4 20 26 0.972919 0.972919 0.972919 
2.1 2.4 50 60 2.1 2.4 26 30 0.982697 0.982697 0.982697 
2.1 2.4 50 60 2.1 2.4 30 40 0.988549 0.988549 0.988549 
2.1 2.4 50 60 2.1 2.4 40 50 0.990512 0.990512 0.990512 
2.1 2.4 50 60 2.1 2.4 50 60 0.990254 0.990254 0.990254 
2.1 2.4 50 60 2.1 2.4 60 120 0.990865 0.990865 0.990865 
2.1 2.4 50 60 2.1 2.4 120 200 0.988522 0.988522 0.988522 
2.1 2.4 60 120 -2.4 2.4 0 20 0.9703 0.9703 0.9703 
2.1 2.4 60 120 0 0.9 20 26 0.977848 0.977848 0.977848 
2.1 2.4 60 120 0 0.9 26 30 0.990734 0.990734 0.990734 
2.1 2.4 60 120 0 0.9 30 40 0.992426 0.992426 0.992426 
2.1 2.4 60 120 0 0.9 40 50 0.993071 0.993071 0.993071 
2.1 2.4 60 120 0 0.9 50 60 0.99337 0.99337 0.99337 
2.1 2.4 60 120 0 0.9 60 120 0.99322 0.99322 0.99322 
2.1 2.4 60 120 0 0.9 120 200 0.992852 0.992852 0.992852 
2.1 2.4 60 120 0.9 1.2 20 26 0.975919 0.975919 0.975919 
2.1 2.4 60 120 0.9 1.2 26 30 0.989125 0.989125 0.989125 
2.1 2.4 60 120 0.9 1.2 30 40 0.991634 0.991634 0.991634 
2.1 2.4 60 120 0.9 1.2 40 50 0.992327 0.992327 0.992327 
2.1 2.4 60 120 0.9 1.2 50 60 0.992412 0.992412 0.992412 
2.1 2.4 60 120 0.9 1.2 60 120 0.992074 0.992074 0.992074 
2.1 2.4 60 120 0.9 1.2 120 200 0.990931 0.990931 0.990931 
2.1 2.4 60 120 1.2 2.1 20 26 0.979637 0.979637 0.979637 
2.1 2.4 60 120 1.2 2.1 26 30 0.994227 0.994227 0.994227 
2.1 2.4 60 120 1.2 2.1 30 40 0.996294 0.996294 0.996294 
2.1 2.4 60 120 1.2 2.1 40 50 0.997033 0.997033 0.997033 
2.1 2.4 60 120 1.2 2.1 50 60 0.996823 0.996823 0.996823 
2.1 2.4 60 120 1.2 2.1 60 120 0.996147 0.996147 0.996147 
2.1 2.4 60 120 1.2 2.1 120 200 0.99502 0.99502 0.99502 
2.1 2.4 60 120 2.1 2.4 20 26 0.975121 0.975121 0.975121 
2.1 2.4 60 120 2.1 2.4 26 30 0.9837 0.9837 0.9837 
2.1 2.4 60 120 2.1 2.4 30 40 0.989271 0.989271 0.989271 
2.1 2.4 60 120 2.1 2.4 40 50 0.991126 0.991126 0.991126 
2.1 2.4 60 120 2.1 2.4 50 60 0.990865 0.990865 0.990865 
2.1 2.4 60 120 2.1 2.4 60 120 0.991446 0.991446 0.991446 
2.1 2.4 60 120 2.1 2.4 120 200 0.989158 0.989158 0.989158 
2.1 2.4 120 200 -2.4 2.4 0 20 0.953129 0.953129 0.953129 
2.1 2.4 120 200 0 0.9 20 26 0.968573 0.968573 0.968573 
2.1 2.4 120 200 0 0.9 26 30 0.98989 0.98989 0.98989 
2.1 2.4 120 200 0 0.9 30 40 0.991805 0.991805 0.991805 
2.1 2.4 120 200 0 0.9 40 50 0.99258 0.99258 0.99258 
2.1 2.4 120 200 0 0.9 50 60 0.992899 0.992899 0.992899 
2.1 2.4 120 200 0 0.9 60 120 0.992755 0.992755 0.992755 
2.1 2.4 120 200 0 0.9 120 200 0.992313 0.992313 0.992313 
2.1 2.4 120 200 0.9 1.2 20 26 0.966254 0.966254 0.966254 
2.1 2.4 120 200 0.9 1.2 26 30 0.988195 0.988195 0.988195 
2.1 2.4 120 200 0.9 1.2 30 40 0.991107 0.991107 0.991107 
2.1 2.4 120 200 0.9 1.2 40 50 0.991988 0.991988 0.991988 
2.1 2.4 120 200 0.9 1.2 50 60 0.99213 0.99213 0.99213 
2.1 2.4 120 200 0.9 1.2 60 120 0.99181 0.99181 0.99181 
2.1 2.4 120 200 0.9 1.2 120 200 0.990669 0.990669 0.990669 
2.1 2.4 120 200 1.2 2.1 20 26 0.969134 0.969134 0.969134 
2.1 2.4 120 200 1.2 2.1 26 30 0.991658 0.991658 0.991658 
2.1 2.4 120 200 1.2 2.1 30 40 0.994201 0.994201 0.994201 
2.1 2.4 120 200 1.2 2.1 40 50 0.995212 0.995212 0.995212 
2.1 2.4 120 200 1.2 2.1 50 60 0.995108 0.995108 0.995108 
2.1 2.4 120 200 1.2 2.1 60 120 0.994519 0.994519 0.994519 
2.1 2.4 120 200 1.2 2.1 120 200 0.993575 0.993575 0.993575 
2.1 2.4 120 200 2.1 2.4 20 26 0.964407 0.964407 0.964407 
2.1 2.4 120 200 2.1 2.4 26 30 0.980467 0.980467 0.980467 
2.1 2.4 120 200 2.1 2.4 30 40 0.986492 0.986492 0.986492 
2.1 2.4 120 200 2.1 2.4 40 50 0.988651 0.988651 0.988651 
2.1 2.4 120 200 2.1 2.4 50 60 0.988522 0.988522 0.988522 
2.1 2.4 120 200 2.1 2.4 60 120 0.989158 0.989158 0.989158 
2.1 2.4 120 200 2.1 2.4 120 200 0.987255 0.987255 0.987255 
